Under development.....version  0.0.21
/Users/dp275303/virtualpython/versions/3.6.13/envs/tessipack36/lib/python3.6/site-packages/tessipack
Eleanor
Config from user
/Users/dp275303/data_tessipack/
Check path
[0] 0
Flags applied []
Dataframe 1282
Flux error provided
time_flag applied Length 1282 1282
994
TIC_139456051
status 1 <class 'NoneType'>
Nyquist: 277.77619957797873 uHz 0.20791676635380027 uHz
Intial selected Frequency does not exist for: TIC_139456051
Running read fits
Creating an echelle diagram, Creating column source
x_f  [1.02634506e-02 2.47741565e-02 3.92848624e-02 ... 1.99624841e+01
 1.99769948e+01 1.99915055e+01] uHz
y_f  [  20.01026345   40.0060162    60.00176894   79.99752168   99.99327443
  119.98902717  139.98477992  159.98053266  179.97628541  199.97203815
  219.9677909   239.96354364  259.95929639  279.95504913  299.95080188
  319.94655462  339.94230737  359.93806011  379.93381285  399.9295656
  419.92531834  439.92107109  459.91682383  479.91257658  499.90832932
  519.90408207  539.89983481  559.89558756  579.8913403   599.88709305
  619.88284579  639.87859854  659.87435128  679.87010402  699.86585677
  719.86160951  739.85736226  759.853115    779.84886775  799.84462049
  819.84037324  839.83612598  859.83187873  879.82763147  899.82338422
  919.81913696  939.81488971  959.81064245  979.80639519  999.80214794
 1019.79790068 1039.79365343 1059.78940617 1079.78515892 1099.78091166
 1119.77666441 1139.77241715 1159.7681699  1179.76392264 1199.75967539
 1219.75542813 1239.75118088 1259.74693362 1279.74268636 1299.73843911
 1319.73419185 1339.7299446  1359.72569734 1379.72145009 1399.71720283
 1419.71295558 1439.70870832 1459.70446107 1479.70021381 1499.69596656
 1519.6917193  1539.68747205 1559.68322479 1579.67897753 1599.67473028
 1619.67048302 1639.66623577 1659.66198851 1679.65774126 1699.653494
 1719.64924675 1739.64499949 1759.64075224 1779.63650498 1799.63225773
 1819.62801047 1839.62376322 1859.61951596 1879.6152687  1899.61102145
 1919.60677419 1939.60252694 1959.59827968 1979.59403243 1999.58978517
 2019.58553792 2039.58129066 2059.57704341 2079.57279615 2099.5685489
 2119.56430164 2139.56005439 2159.55580713 2179.55155987 2199.54731262
 2219.54306536 2239.53881811 2259.53457085 2279.5303236  2299.52607634
 2319.52182909 2339.51758183 2359.51333458 2379.50908732 2399.50484007
 2419.50059281 2439.49634556 2459.4920983  2479.48785104 2499.48360379
 2519.47935653 2539.47510928 2559.47086202 2579.46661477 2599.46236751
 2619.45812026 2639.453873   2659.44962575 2679.44537849 2699.44113124
 2719.43688398 2739.43263673 2759.42838947 2779.42414221 2799.41989496
 2819.4156477  2839.41140045 2859.40715319 2879.40290594 2899.39865868
 2919.39441143 2939.39016417 2959.38591692 2979.38166966 2999.37742241
 3019.37317515 3039.3689279  3059.36468064 3079.36043338 3099.35618613
 3119.35193887 3139.34769162 3159.34344436 3179.33919711 3199.33494985
 3219.3307026  3239.32645534 3259.32220809 3279.31796083 3299.31371358
 3319.30946632 3339.30521907 3359.30097181 3379.29672455 3399.2924773
 3419.28823004 3439.28398279 3459.27973553 3479.27548828 3499.27124102
 3519.26699377 3539.26274651 3559.25849926 3579.254252   3599.25000475
 3619.24575749 3639.24151024 3659.23726298 3679.23301572 3699.22876847
 3719.22452121 3739.22027396 3759.2160267  3779.21177945 3799.20753219
 3819.20328494 3839.19903768 3859.19479043 3879.19054317 3899.18629592
 3919.18204866 3939.17780141 3959.17355415 3979.16930689 3999.16505964
 4019.16081238 4039.15656513 4059.15231787 4079.14807062 4099.14382336
 4119.13957611 4139.13532885 4159.1310816  4179.12683434 4199.12258709
 4219.11833983 4239.11409258 4259.10984532 4279.10559806 4299.10135081
 4319.09710355 4339.0928563  4359.08860904 4379.08436179 4399.08011453
 4419.07586728 4439.07162002 4459.06737277 4479.06312551 4499.05887826
 4519.054631   4539.05038375 4559.04613649 4579.04188924 4599.03764198
 4619.03339472 4639.02914747 4659.02490021 4679.02065296 4699.0164057
 4719.01215845 4739.00791119 4759.00366394 4778.99941668 4798.99516943
 4818.99092217 4838.98667492 4858.98242766 4878.97818041 4898.97393315
 4918.96968589 4938.96543864 4958.96119138 4978.95694413 4998.95269687
 5018.94844962 5038.94420236 5058.93995511 5078.93570785 5098.9314606
 5118.92721334 5138.92296609 5158.91871883 5178.91447158 5198.91022432
 5218.90597706 5238.90172981 5258.89748255 5278.8932353  5298.88898804
 5318.88474079 5338.88049353 5358.87624628 5378.87199902 5398.86775177
 5418.86350451 5438.85925726 5458.85501    5478.85076275 5498.84651549
 5518.84226823 5538.83802098 5558.83377372 5578.82952647 5598.82527921
 5618.82103196 5638.8167847  5658.81253745 5678.80829019 5698.80404294
 5718.79979568 5738.79554843 5758.79130117 5778.78705392 5798.78280666
 5818.7785594  5838.77431215 5858.77006489 5878.76581764 5898.76157038
 5918.75732313 5938.75307587 5958.74882862 5978.74458136 5998.74033411
 6018.73608685 6038.7318396  6058.72759234 6078.72334509 6098.71909783
 6118.71485057 6138.71060332 6158.70635606 6178.70210881 6198.69786155
 6218.6936143  6238.68936704 6258.68511979 6278.68087253 6298.67662528
 6318.67237802 6338.66813077 6358.66388351 6378.65963626 6398.655389
 6418.65114174 6438.64689449 6458.64264723 6478.63839998 6498.63415272
 6518.62990547 6538.62565821 6558.62141096 6578.6171637  6598.61291645
 6618.60866919 6638.60442194 6658.60017468 6678.59592743 6698.59168017
 6718.58743291 6738.58318566 6758.5789384  6778.57469115 6798.57044389
 6818.56619664 6838.56194938 6858.55770213 6878.55345487 6898.54920762
 6918.54496036 6938.54071311 6958.53646585 6978.5322186  6998.52797134
 7018.52372408 7038.51947683 7058.51522957 7078.51098232 7098.50673506
 7118.50248781 7138.49824055 7158.4939933  7178.48974604 7198.48549879
 7218.48125153 7238.47700428 7258.47275702 7278.46850977 7298.46426251
 7318.46001525 7338.455768   7358.45152074 7378.44727349 7398.44302623
 7418.43877898 7438.43453172 7458.43028447 7478.42603721 7498.42178996
 7518.4175427  7538.41329545 7558.40904819 7578.40480094 7598.40055368
 7618.39630642 7638.39205917 7658.38781191 7678.38356466 7698.3793174
 7718.37507015 7738.37082289 7758.36657564 7778.36232838 7798.35808113
 7818.35383387 7838.34958662 7858.34533936 7878.34109211 7898.33684485
 7918.33259759 7938.32835034 7958.32410308 7978.31985583] uHz
dw  19.98124203875814
dh  7958.309592378117
INFO: Hub set to run with Web Profile support enabled. [astropy.samp.hub]
INFO: Hub started [astropy.samp.hub]
Refereshing everything
x_f  [1.02634506e-02 2.47741565e-02 3.92848624e-02 ... 1.99624841e+01
 1.99769948e+01 1.99915055e+01] uHz
y_f  [  20.01026345   40.0060162    60.00176894   79.99752168   99.99327443
  119.98902717  139.98477992  159.98053266  179.97628541  199.97203815
  219.9677909   239.96354364  259.95929639  279.95504913  299.95080188
  319.94655462  339.94230737  359.93806011  379.93381285  399.9295656
  419.92531834  439.92107109  459.91682383  479.91257658  499.90832932
  519.90408207  539.89983481  559.89558756  579.8913403   599.88709305
  619.88284579  639.87859854  659.87435128  679.87010402  699.86585677
  719.86160951  739.85736226  759.853115    779.84886775  799.84462049
  819.84037324  839.83612598  859.83187873  879.82763147  899.82338422
  919.81913696  939.81488971  959.81064245  979.80639519  999.80214794
 1019.79790068 1039.79365343 1059.78940617 1079.78515892 1099.78091166
 1119.77666441 1139.77241715 1159.7681699  1179.76392264 1199.75967539
 1219.75542813 1239.75118088 1259.74693362 1279.74268636 1299.73843911
 1319.73419185 1339.7299446  1359.72569734 1379.72145009 1399.71720283
 1419.71295558 1439.70870832 1459.70446107 1479.70021381 1499.69596656
 1519.6917193  1539.68747205 1559.68322479 1579.67897753 1599.67473028
 1619.67048302 1639.66623577 1659.66198851 1679.65774126 1699.653494
 1719.64924675 1739.64499949 1759.64075224 1779.63650498 1799.63225773
 1819.62801047 1839.62376322 1859.61951596 1879.6152687  1899.61102145
 1919.60677419 1939.60252694 1959.59827968 1979.59403243 1999.58978517
 2019.58553792 2039.58129066 2059.57704341 2079.57279615 2099.5685489
 2119.56430164 2139.56005439 2159.55580713 2179.55155987 2199.54731262
 2219.54306536 2239.53881811 2259.53457085 2279.5303236  2299.52607634
 2319.52182909 2339.51758183 2359.51333458 2379.50908732 2399.50484007
 2419.50059281 2439.49634556 2459.4920983  2479.48785104 2499.48360379
 2519.47935653 2539.47510928 2559.47086202 2579.46661477 2599.46236751
 2619.45812026 2639.453873   2659.44962575 2679.44537849 2699.44113124
 2719.43688398 2739.43263673 2759.42838947 2779.42414221 2799.41989496
 2819.4156477  2839.41140045 2859.40715319 2879.40290594 2899.39865868
 2919.39441143 2939.39016417 2959.38591692 2979.38166966 2999.37742241
 3019.37317515 3039.3689279  3059.36468064 3079.36043338 3099.35618613
 3119.35193887 3139.34769162 3159.34344436 3179.33919711 3199.33494985
 3219.3307026  3239.32645534 3259.32220809 3279.31796083 3299.31371358
 3319.30946632 3339.30521907 3359.30097181 3379.29672455 3399.2924773
 3419.28823004 3439.28398279 3459.27973553 3479.27548828 3499.27124102
 3519.26699377 3539.26274651 3559.25849926 3579.254252   3599.25000475
 3619.24575749 3639.24151024 3659.23726298 3679.23301572 3699.22876847
 3719.22452121 3739.22027396 3759.2160267  3779.21177945 3799.20753219
 3819.20328494 3839.19903768 3859.19479043 3879.19054317 3899.18629592
 3919.18204866 3939.17780141 3959.17355415 3979.16930689 3999.16505964
 4019.16081238 4039.15656513 4059.15231787 4079.14807062 4099.14382336
 4119.13957611 4139.13532885 4159.1310816  4179.12683434 4199.12258709
 4219.11833983 4239.11409258 4259.10984532 4279.10559806 4299.10135081
 4319.09710355 4339.0928563  4359.08860904 4379.08436179 4399.08011453
 4419.07586728 4439.07162002 4459.06737277 4479.06312551 4499.05887826
 4519.054631   4539.05038375 4559.04613649 4579.04188924 4599.03764198
 4619.03339472 4639.02914747 4659.02490021 4679.02065296 4699.0164057
 4719.01215845 4739.00791119 4759.00366394 4778.99941668 4798.99516943
 4818.99092217 4838.98667492 4858.98242766 4878.97818041 4898.97393315
 4918.96968589 4938.96543864 4958.96119138 4978.95694413 4998.95269687
 5018.94844962 5038.94420236 5058.93995511 5078.93570785 5098.9314606
 5118.92721334 5138.92296609 5158.91871883 5178.91447158 5198.91022432
 5218.90597706 5238.90172981 5258.89748255 5278.8932353  5298.88898804
 5318.88474079 5338.88049353 5358.87624628 5378.87199902 5398.86775177
 5418.86350451 5438.85925726 5458.85501    5478.85076275 5498.84651549
 5518.84226823 5538.83802098 5558.83377372 5578.82952647 5598.82527921
 5618.82103196 5638.8167847  5658.81253745 5678.80829019 5698.80404294
 5718.79979568 5738.79554843 5758.79130117 5778.78705392 5798.78280666
 5818.7785594  5838.77431215 5858.77006489 5878.76581764 5898.76157038
 5918.75732313 5938.75307587 5958.74882862 5978.74458136 5998.74033411
 6018.73608685 6038.7318396  6058.72759234 6078.72334509 6098.71909783
 6118.71485057 6138.71060332 6158.70635606 6178.70210881 6198.69786155
 6218.6936143  6238.68936704 6258.68511979 6278.68087253 6298.67662528
 6318.67237802 6338.66813077 6358.66388351 6378.65963626 6398.655389
 6418.65114174 6438.64689449 6458.64264723 6478.63839998 6498.63415272
 6518.62990547 6538.62565821 6558.62141096 6578.6171637  6598.61291645
 6618.60866919 6638.60442194 6658.60017468 6678.59592743 6698.59168017
 6718.58743291 6738.58318566 6758.5789384  6778.57469115 6798.57044389
 6818.56619664 6838.56194938 6858.55770213 6878.55345487 6898.54920762
 6918.54496036 6938.54071311 6958.53646585 6978.5322186  6998.52797134
 7018.52372408 7038.51947683 7058.51522957 7078.51098232 7098.50673506
 7118.50248781 7138.49824055 7158.4939933  7178.48974604 7198.48549879
 7218.48125153 7238.47700428 7258.47275702 7278.46850977 7298.46426251
 7318.46001525 7338.455768   7358.45152074 7378.44727349 7398.44302623
 7418.43877898 7438.43453172 7458.43028447 7478.42603721 7498.42178996
 7518.4175427  7538.41329545 7558.40904819 7578.40480094 7598.40055368
 7618.39630642 7638.39205917 7658.38781191 7678.38356466 7698.3793174
 7718.37507015 7738.37082289 7758.36657564 7778.36232838 7798.35808113
 7818.35383387 7838.34958662 7858.34533936 7878.34109211 7898.33684485
 7918.33259759 7938.32835034 7958.32410308 7978.31985583] uHz
dw  19.98124203875814
dh  7958.309592378117
Refereshing everything
x_f  [1.18383920e-02 2.63490979e-02 4.08598038e-02 ... 2.00656340e+01
 2.00801447e+01 2.00946554e+01] uHz
y_f  [  20.11183839   40.20916608   60.30649376   80.40382145  100.50114914
  120.59847682  140.69580451  160.79313219  180.89045988  200.98778757
  221.08511525  241.18244294  261.27977062  281.37709831  301.474426
  321.57175368  341.66908137  361.76640905  381.86373674  401.96106443
  422.05839211  442.1557198   462.25304748  482.35037517  502.44770286
  522.54503054  542.64235823  562.73968592  582.8370136   602.93434129
  623.03166897  643.12899666  663.22632435  683.32365203  703.42097972
  723.5183074   743.61563509  763.71296278  783.81029046  803.90761815
  824.00494583  844.10227352  864.19960121  884.29692889  904.39425658
  924.49158426  944.58891195  964.68623964  984.78356732 1004.88089501
 1024.97822269 1045.07555038 1065.17287807 1085.27020575 1105.36753344
 1125.46486112 1145.56218881 1165.6595165  1185.75684418 1205.85417187
 1225.95149955 1246.04882724 1266.14615493 1286.24348261 1306.3408103
 1326.43813798 1346.53546567 1366.63279336 1386.73012104 1406.82744873
 1426.92477641 1447.0221041  1467.11943179 1487.21675947 1507.31408716
 1527.41141485 1547.50874253 1567.60607022 1587.7033979  1607.80072559
 1627.89805328 1647.99538096 1668.09270865 1688.19003633 1708.28736402
 1728.38469171 1748.48201939 1768.57934708 1788.67667476 1808.77400245
 1828.87133014 1848.96865782 1869.06598551 1889.16331319 1909.26064088
 1929.35796857 1949.45529625 1969.55262394 1989.64995162 2009.74727931
 2029.844607   2049.94193468 2070.03926237 2090.13659005 2110.23391774
 2130.33124543 2150.42857311 2170.5259008  2190.62322848 2210.72055617
 2230.81788386 2250.91521154 2271.01253923 2291.10986691 2311.2071946
 2331.30452229 2351.40184997 2371.49917766 2391.59650534 2411.69383303
 2431.79116072 2451.8884884  2471.98581609 2492.08314378 2512.18047146
 2532.27779915 2552.37512683 2572.47245452 2592.56978221 2612.66710989
 2632.76443758 2652.86176526 2672.95909295 2693.05642064 2713.15374832
 2733.25107601 2753.34840369 2773.44573138 2793.54305907 2813.64038675
 2833.73771444 2853.83504212 2873.93236981 2894.0296975  2914.12702518
 2934.22435287 2954.32168055 2974.41900824 2994.51633593 3014.61366361
 3034.7109913  3054.80831898 3074.90564667 3095.00297436 3115.10030204
 3135.19762973 3155.29495741 3175.3922851  3195.48961279 3215.58694047
 3235.68426816 3255.78159584 3275.87892353 3295.97625122 3316.0735789
 3336.17090659 3356.26823427 3376.36556196 3396.46288965 3416.56021733
 3436.65754502 3456.75487271 3476.85220039 3496.94952808 3517.04685576
 3537.14418345 3557.24151114 3577.33883882 3597.43616651 3617.53349419
 3637.63082188 3657.72814957 3677.82547725 3697.92280494 3718.02013262
 3738.11746031 3758.214788   3778.31211568 3798.40944337 3818.50677105
 3838.60409874 3858.70142643 3878.79875411 3898.8960818  3918.99340948
 3939.09073717 3959.18806486 3979.28539254 3999.38272023 4019.48004791
 4039.5773756  4059.67470329 4079.77203097 4099.86935866 4119.96668634
 4140.06401403 4160.16134172 4180.2586694  4200.35599709 4220.45332477
 4240.55065246 4260.64798015 4280.74530783 4300.84263552 4320.9399632
 4341.03729089 4361.13461858 4381.23194626 4401.32927395 4421.42660164
 4441.52392932 4461.62125701 4481.71858469 4501.81591238 4521.91324007
 4542.01056775 4562.10789544 4582.20522312 4602.30255081 4622.3998785
 4642.49720618 4662.59453387 4682.69186155 4702.78918924 4722.88651693
 4742.98384461 4763.0811723  4783.17849998 4803.27582767 4823.37315536
 4843.47048304 4863.56781073 4883.66513841 4903.7624661  4923.85979379
 4943.95712147 4964.05444916 4984.15177684 5004.24910453 5024.34643222
 5044.4437599  5064.54108759 5084.63841527 5104.73574296 5124.83307065
 5144.93039833 5165.02772602 5185.1250537  5205.22238139 5225.31970908
 5245.41703676 5265.51436445 5285.61169213 5305.70901982 5325.80634751
 5345.90367519 5366.00100288 5386.09833057 5406.19565825 5426.29298594
 5446.39031362 5466.48764131 5486.584969   5506.68229668 5526.77962437
 5546.87695205 5566.97427974 5587.07160743 5607.16893511 5627.2662628
 5647.36359048 5667.46091817 5687.55824586 5707.65557354 5727.75290123
 5747.85022891 5767.9475566  5788.04488429 5808.14221197 5828.23953966
 5848.33686734 5868.43419503 5888.53152272 5908.6288504  5928.72617809
 5948.82350577 5968.92083346 5989.01816115 6009.11548883 6029.21281652
 6049.3101442  6069.40747189 6089.50479958 6109.60212726 6129.69945495
 6149.79678263 6169.89411032 6189.99143801 6210.08876569 6230.18609338
 6250.28342107 6270.38074875 6290.47807644 6310.57540412 6330.67273181
 6350.7700595  6370.86738718 6390.96471487 6411.06204255 6431.15937024
 6451.25669793 6471.35402561 6491.4513533  6511.54868098 6531.64600867
 6551.74333636 6571.84066404 6591.93799173 6612.03531941 6632.1326471
 6652.22997479 6672.32730247 6692.42463016 6712.52195784 6732.61928553
 6752.71661322 6772.8139409  6792.91126859 6813.00859627 6833.10592396
 6853.20325165 6873.30057933 6893.39790702 6913.4952347  6933.59256239
 6953.68989008 6973.78721776 6993.88454545 7013.98187313 7034.07920082
 7054.17652851 7074.27385619 7094.37118388 7114.46851156 7134.56583925
 7154.66316694 7174.76049462 7194.85782231 7214.95515    7235.05247768
 7255.14980537 7275.24713305 7295.34446074 7315.44178843 7335.53911611
 7355.6364438  7375.73377148 7395.83109917 7415.92842686 7436.02575454
 7456.12308223 7476.22040991 7496.3177376  7516.41506529 7536.51239297
 7556.60972066 7576.70704834 7596.80437603 7616.90170372 7636.9990314
 7657.09635909 7677.19368677 7697.29101446 7717.38834215 7737.48566983
 7757.58299752 7777.6803252  7797.77765289 7817.87498058 7837.97230826
 7858.06963595 7878.16696363 7898.26429132 7918.36161901 7938.45894669
 7958.55627438 7978.65360206 7998.75092975] uHz
dw  20.082816980131632
dh  7978.639091358726
Refereshing everything
x_f  [1.34133333e-02 2.79240392e-02 4.24347451e-02 ... 2.01687838e+01
 2.01832945e+01 2.01978053e+01] uHz
y_f  [  20.21341333   40.41231596   60.61121859   80.81012122  101.00902384
  121.20792647  141.4068291   161.60573173  181.80463435  202.00353698
  222.20243961  242.40134223  262.60024486  282.79914749  302.99805012
  323.19695274  343.39585537  363.594758    383.79366063  403.99256325
  424.19146588  444.39036851  464.58927114  484.78817376  504.98707639
  525.18597902  545.38488165  565.58378427  585.7826869   605.98158953
  626.18049216  646.37939478  666.57829741  686.77720004  706.97610267
  727.17500529  747.37390792  767.57281055  787.77171318  807.9706158
  828.16951843  848.36842106  868.56732368  888.76622631  908.96512894
  929.16403157  949.36293419  969.56183682  989.76073945 1009.95964208
 1030.1585447  1050.35744733 1070.55634996 1090.75525259 1110.95415521
 1131.15305784 1151.35196047 1171.5508631  1191.74976572 1211.94866835
 1232.14757098 1252.34647361 1272.54537623 1292.74427886 1312.94318149
 1333.14208412 1353.34098674 1373.53988937 1393.738792   1413.93769463
 1434.13659725 1454.33549988 1474.53440251 1494.73330513 1514.93220776
 1535.13111039 1555.33001302 1575.52891564 1595.72781827 1615.9267209
 1636.12562353 1656.32452615 1676.52342878 1696.72233141 1716.92123404
 1737.12013666 1757.31903929 1777.51794192 1797.71684455 1817.91574717
 1838.1146498  1858.31355243 1878.51245506 1898.71135768 1918.91026031
 1939.10916294 1959.30806557 1979.50696819 1999.70587082 2019.90477345
 2040.10367607 2060.3025787  2080.50148133 2100.70038396 2120.89928658
 2141.09818921 2161.29709184 2181.49599447 2201.69489709 2221.89379972
 2242.09270235 2262.29160498 2282.4905076  2302.68941023 2322.88831286
 2343.08721549 2363.28611811 2383.48502074 2403.68392337 2423.882826
 2444.08172862 2464.28063125 2484.47953388 2504.67843651 2524.87733913
 2545.07624176 2565.27514439 2585.47404702 2605.67294964 2625.87185227
 2646.0707549  2666.26965752 2686.46856015 2706.66746278 2726.86636541
 2747.06526803 2767.26417066 2787.46307329 2807.66197592 2827.86087854
 2848.05978117 2868.2586838  2888.45758643 2908.65648905 2928.85539168
 2949.05429431 2969.25319694 2989.45209956 3009.65100219 3029.84990482
 3050.04880745 3070.24771007 3090.4466127  3110.64551533 3130.84441796
 3151.04332058 3171.24222321 3191.44112584 3211.64002846 3231.83893109
 3252.03783372 3272.23673635 3292.43563897 3312.6345416  3332.83344423
 3353.03234686 3373.23124948 3393.43015211 3413.62905474 3433.82795737
 3454.02685999 3474.22576262 3494.42466525 3514.62356788 3534.8224705
 3555.02137313 3575.22027576 3595.41917839 3615.61808101 3635.81698364
 3656.01588627 3676.2147889  3696.41369152 3716.61259415 3736.81149678
 3757.01039941 3777.20930203 3797.40820466 3817.60710729 3837.80600991
 3858.00491254 3878.20381517 3898.4027178  3918.60162042 3938.80052305
 3958.99942568 3979.19832831 3999.39723093 4019.59613356 4039.79503619
 4059.99393882 4080.19284144 4100.39174407 4120.5906467  4140.78954933
 4160.98845195 4181.18735458 4201.38625721 4221.58515984 4241.78406246
 4261.98296509 4282.18186772 4302.38077035 4322.57967297 4342.7785756
 4362.97747823 4383.17638086 4403.37528348 4423.57418611 4443.77308874
 4463.97199136 4484.17089399 4504.36979662 4524.56869925 4544.76760187
 4564.9665045  4585.16540713 4605.36430976 4625.56321238 4645.76211501
 4665.96101764 4686.15992027 4706.35882289 4726.55772552 4746.75662815
 4766.95553078 4787.1544334  4807.35333603 4827.55223866 4847.75114129
 4867.95004391 4888.14894654 4908.34784917 4928.5467518  4948.74565442
 4968.94455705 4989.14345968 5009.3423623  5029.54126493 5049.74016756
 5069.93907019 5090.13797281 5110.33687544 5130.53577807 5150.7346807
 5170.93358332 5191.13248595 5211.33138858 5231.53029121 5251.72919383
 5271.92809646 5292.12699909 5312.32590172 5332.52480434 5352.72370697
 5372.9226096  5393.12151223 5413.32041485 5433.51931748 5453.71822011
 5473.91712274 5494.11602536 5514.31492799 5534.51383062 5554.71273325
 5574.91163587 5595.1105385  5615.30944113 5635.50834375 5655.70724638
 5675.90614901 5696.10505164 5716.30395426 5736.50285689 5756.70175952
 5776.90066215 5797.09956477 5817.2984674  5837.49737003 5857.69627266
 5877.89517528 5898.09407791 5918.29298054 5938.49188317 5958.69078579
 5978.88968842 5999.08859105 6019.28749368 6039.4863963  6059.68529893
 6079.88420156 6100.08310419 6120.28200681 6140.48090944 6160.67981207
 6180.8787147  6201.07761732 6221.27651995 6241.47542258 6261.6743252
 6281.87322783 6302.07213046 6322.27103309 6342.46993571 6362.66883834
 6382.86774097 6403.0666436  6423.26554622 6443.46444885 6463.66335148
 6483.86225411 6504.06115673 6524.26005936 6544.45896199 6564.65786462
 6584.85676724 6605.05566987 6625.2545725  6645.45347513 6665.65237775
 6685.85128038 6706.05018301 6726.24908564 6746.44798826 6766.64689089
 6786.84579352 6807.04469614 6827.24359877 6847.4425014  6867.64140403
 6887.84030665 6908.03920928 6928.23811191 6948.43701454 6968.63591716
 6988.83481979 7009.03372242 7029.23262505 7049.43152767 7069.6304303
 7089.82933293 7110.02823556 7130.22713818 7150.42604081 7170.62494344
 7190.82384607 7211.02274869 7231.22165132 7251.42055395 7271.61945658
 7291.8183592  7312.01726183 7332.21616446 7352.41506709 7372.61396971
 7392.81287234 7413.01177497 7433.21067759 7453.40958022 7473.60848285
 7493.80738548 7514.0062881  7534.20519073 7554.40409336 7574.60299599
 7594.80189861 7615.00080124 7635.19970387 7655.3986065  7675.59750912
 7695.79641175 7715.99531438 7736.19421701 7756.39311963 7776.59202226
 7796.79092489 7816.98982752 7837.18873014 7857.38763277 7877.5865354
 7897.78543803 7917.98434065 7938.18324328 7958.38214591 7978.58104854
 7998.77995116] uHz
dw  20.184391921505135
dh  7978.566537829172
Values transfering 1.0 80.0 50.0
Refereshing everything
x_f  [4.77568789e-04 1.49882747e-02 2.94989806e-02 ... 2.02574230e+01
 2.02719337e+01 2.02864444e+01] uHz
y_f  [20.30047757 40.60095514 60.90143271] uHz
dw  20.285966862878624
dh  40.600955137578254
Refereshing everything
x_f  [4.77568789e-04 1.49882747e-02 2.94989806e-02 ... 2.02574230e+01
 2.02719337e+01 2.02864444e+01] uHz
y_f  [20.30047757 40.60095514 60.90143271] uHz
dw  20.285966862878624
dh  40.600955137578254
Refereshing everything
x_f  [2.05251016e-03 1.65632161e-02 3.10739220e-02 ... 2.03605729e+01
 2.03750836e+01 2.03895943e+01] uHz
y_f  [20.40205251 40.80410502 61.20615753] uHz
dw  20.387541804252123
dh  40.80410502032525
Refereshing everything
x_f  [3.62745154e-03 1.81381574e-02 3.26488634e-02 ... 2.04637228e+01
 2.04782335e+01 2.04927442e+01] uHz
y_f  [20.50362745 41.0072549  61.51088235] uHz
dw  20.48911674562562
dh  41.00725490307224
Refereshing everything
x_f  [5.20239291e-03 1.97130988e-02 3.42238047e-02 ... 2.05523620e+01
 2.05668727e+01 2.05813834e+01] uHz
y_f  [20.60520239 41.19589408 61.78658577] uHz
dw  20.576180981088623
dh  41.181383373998244
Refereshing everything
x_f  [6.77733428e-03 2.12880402e-02 3.57987461e-02 ... 2.06555118e+01
 2.06700226e+01 2.06845333e+01] uHz
y_f  [20.70677733 41.39904396 62.09131059] uHz
dw  20.677755922462126
dh  41.38453325674524
Refereshing everything
x_f  [8.35227566e-03 2.28629816e-02 3.73736875e-02 ... 2.07586617e+01
 2.07731724e+01 2.07876831e+01] uHz
y_f  [20.80835228 41.60219385 62.39603542] uHz
dw  20.779330863835618
dh  41.58768313949224
Refereshing everything
x_f  [9.92721703e-03 2.44379229e-02 3.89486289e-02 ... 2.08618116e+01
 2.08763223e+01 2.08908330e+01] uHz
y_f  [20.90992722 41.80534373 62.70076024] uHz
dw  20.880905805209117
dh  41.79083302223923
Refereshing everything
x_f  [1.15021584e-02 2.60128643e-02 4.05235702e-02 ... 2.09649615e+01
 2.09794722e+01 2.09939829e+01] uHz
y_f  [21.01150216 42.00849361 63.00548506] uHz
dw  20.982480746582613
dh  41.993982904986225
Refereshing everything
x_f  [1.30770998e-02 2.75878057e-02 4.20985116e-02 ... 2.10681114e+01
 2.10826221e+01 2.10971328e+01] uHz
y_f  [21.1130771  42.21164349 63.31020989] uHz
dw  21.084055687956113
dh  42.197132787733224
Refereshing everything
x_f  [1.41335240e-04 1.46520412e-02 2.91627471e-02 ... 2.11567506e+01
 2.11712613e+01 2.11857720e+01] uHz
y_f  [21.20014134 42.40028267 63.60042401] uHz
dw  21.18563062932961
dh  42.40028267048022
Refereshing everything
x_f  [1.71627661e-03 1.62269825e-02 3.07376884e-02 ... 2.12599004e+01
 2.12744111e+01 2.12889218e+01] uHz
y_f  [21.30171628 42.60343255 63.90514883] uHz
dw  21.28720557070311
dh  42.60343255322722

Interrupted, shutting down
